0 1 25
0 2 43
0 3 57
0 4 43
0 5 55
0 6 48
0 7 35
0 8 18
0 9 28
0 10 55
0 11 61
0 12 22
0 13 78
0 14 49 
0 15 15
0 16 36
0 17 46
0 18 25
0 19 23
1 0 25
1 2 29
1 3 34
1 4 43
1 5 68
1 6 49
1 7 66
1 8 72
1 9 91
1 10 65
1 11 44
1 12 25
1 13 85
1 14 95
1 15 75
1 16 36
1 17 44
1 18 12
1 19 28
2 0 43
2 1 29
2 3 52
2 4 72
2 5 96
2 6 72
2 7 81
2 8 89
2 9 114
2 10 22
2 11 74
2 12 45
2 13 69
2 14 85
2 15 12
2 16 3
2 17 45
2 18 74
2 19 69
3 0 57
3 1 34
3 2 52
3 4 45
3 5 71
3 6 71
3 7 95
3 8 99
3 9 108
3 10 14
3 11 36
3 12 96
3 13 45
3 14 78
3 15 21 
3 16 23
3 17 45
3 18 65
3 19 78
4 0 43
4 1 43
4 2 72
4 3 45
4 5 27
4 6 36
4 7 65
4 8 65
4 9 65
4 10 56
4 11 78
4 12 23
4 13 45
4 14 96
4 15 12
4 16 11
4 17 36
4 18 23
4 19 85
5 0 55
5 1 68
5 2 96 
5 3 71
5 4 97
5 6 40
5 7 66 
5 8 62
5 9 46
5 10 88
5 11 98
5 12 71
5 13 23
5 14 45
5 15 65
5 16 22
5 17 1
5 18 9
5 19 77
6 0 48
6 1 49
6 2 72
6 3 71
6 4 36 
6 5 40
6 7 31
6 8 31 
6 9 43
6 10 27
6 11 39
6 12 48
6 13 56
6 14 47
6 15 89
6 16 25
6 17 34
6 18 98
6 19 99
7 0 35 
7 1 66
7 2 81
7 3 95 
7 4 65
7 5 66
7 6 31
7 8 11 
7 9 46
7 10 88
7 11 22
7 12 99
7 13 33
7 14 66
7 15 55
7 16 44
7 17 11
7 18 22
7 19 44
8 0 18
8 1 72
8 2 89
8 3 99
8 4 65
8 5 62
8 6 31
8 7 11 
8 9 36
8 10 89
8 11 77
8 12 54
8 13 32
8 14 12
8 15 96
8 16 54
8 17 78
8 18 25
8 19 36
9 0 28
9 1 91
9 2 114
9 3 108
9 4 65
9 5 46
9 6 43 
9 7 46
9 8 36
9 10 77
9 11 65
9 12 45
9 13 28
9 14 19
9 15 7
9 16 34
9 17 16
9 18 1
9 19 89
10 0 55
10 1 65
10 2 22
10 3 14
10 4 56
10 5 88
10 6 27
10 7 88
10 8 89
10 9 77
10 11 4
10 12 88
10 13 32
10 14 45
10 15 67
10 16 82
10 17 19
10 18 44
10 19 16
11 0 61
11 1 44
11 2 74
11 3 36
11 4 78
11 5 98
11 6 39
11 7 22
11 8 77
11 9 65 
11 10 4
11 12 4
11 13 7 
11 14 3
11 15 19
11 16 59
11 17 82
11 18 76
11 19 74
12 0 22
12 1 25
12 2 45
12 3 96
12 4 23
12 5 71
12 6 48
12 7 99
12 8 54
12 9 45
12 10 88
12 11 4
12 13 57
12 14 39
12 15 74
12 16 14
12 17 13
12 18 28
12 19 78
13 0 78
13 1 85
13 2 69
13 3 45
13 4 45
13 5 23
13 6 56
13 7 33
13 8 32
13 9 28
13 10 32
13 11 7
13 12 57
13 14 7
13 15 2
13 16 19
13 17 17
13 18 38
13 19 45
14 0 49
14 1 95
14 2 58
14 3 78
14 4 96
14 5 4
14 6 47
14 7 66
14 8 12
14 9 19
14 10 45
14 11 3
14 12 39
14 13 7
14 15 45
14 16 82
14 17 34
14 18 56
14 19 81
15 0 15
15 1 75
15 2 12
15 3 21
15 4 12
15 5 65
15 6 89
15 7 55
15 8 96
15 9 7
15 10 67
15 11 19
15 12 74
15 13 2
15 14 45
15 16 47
15 17 81
15 18 98
15 19 23
16 0 36
16 1 36
16 2 3
16 3 23
16 4 11
16 5 22
16 6 25
16 7 44
16 8 54
16 9 34
16 10 82
16 11 59
16 12 14
16 13 19
16 14 82
16 15 47
16 17 76
16 18 29
16 19 15
17 0 46
17 1 44
17 2 45
17 3 45
17 4 36
17 5 1
17 6 34
17 7 11
17 8 78
17 9 16
17 10 19
17 11 82
17 12 13
17 13 17
17 14 34
17 15 81
17 16 76
17 18 55
17 19 73
18 0 25
18 1 12
18 2 74
18 3 65
18 4 23
18 5 9
18 6 98
18 7 22
18 8 25
18 9 1
18 10 44
18 11 76
18 12 28
18 13 38
18 14 56
18 15 98
18 16 29
18 17 55
18 19 99
19 0 23
19 1 28
19 2 69
19 3 78
19 4 85
19 5 77
19 6 99
19 7 44
19 8 36
19 10 89
19 11 16
19 12 74
19 13 78
19 14 45
19 15 81
19 16 23
19 17 15
19 18 99

